001 002 004 008 010 020 040 080 100 200 400 800 001 002 004 008 010 020 040 080 100 200 400 800 001 002 004 008 010 020 040 080 100 200 400 800 001 002 004 008 010 020 040 080 100 200 400 800 001 002 004 008 010 020 040 080 100 200 400 800 001 002 004 008
001 002 004 008 010 020 040 080 100 200 400 800 001 002 004 008 010 020 040 080 100 200 400 800 001 002 004 008 010 020 040 080 100 200 400 800 001 002 004 008 010 020 040 080 100 200 400 800 001 002 004 008 010 020 040 080 100 200 400 800 001 002 004 008
001 002 004 008 010 020 040 080 100 200 400 800 001 002 004 008 010 020 040 080 100 200 400 800 001 002 004 008 010 020 040 080 100 200 400 800 001 002 004 008 010 020 040 080 100 200 400 800 001 002 004 008 010 020 040 080 100 200 400 800 001 002 004 008
001 002 004 008 010 020 040 080 100 200 400 800 001 002 004 008 010 020 040 080 100 200 400 800 001 002 004 008 010 020 040 080 100 200 400 800 001 002 004 008 010 020 040 080 100 200 400 800 001 002 004 008 010 020 040 080 100 200 400 800 001 002 004 008
001 002 004 008 010 020 040 080 100 200 400 800 001 002 004 008 010 020 040 080 100 200 400 800 001 002 004 008 010 020 040 080 100 200 400 800 001 002 004 008 010 020 040 080 100 200 400 800 001 002 004 008 010 020 040 080 100 200 400 800 001 002 004 008
001 002 004 008 010 020 040 080 100 200 400 800 001 002 004 008 010 020 040 080 100 200 400 800 001 002 004 008 010 020 040 080 100 200 400 800 001 002 004 008 010 020 040 080 100 200 400 800 001 002 004 008 010 020 040 080 100 200 400 800 001 002 004 008
001 002 004 008 010 020 040 080 100 200 400 800 001 002 004 008 010 020 040 080 100 200 400 800 001 002 004 008 010 020 040 080 100 200 400 800 001 002 004 008 010 020 040 080 100 200 400 800 001 002 004 008 010 020 040 080 100 200 400 800 001 002 004 008
001 002 004 008 010 020 040 080 100 200 400 800 001 002 004 008 010 020 040 080 100 200 400 800 001 002 004 008 010 020 040 080 100 200 400 800 001 002 004 008 010 020 040 080 100 200 400 800 001 002 004 008 010 020 040 080 100 200 400 800 001 002 004 008
001 002 004 008 010 020 040 080 100 200 400 800 001 002 004 008 010 020 040 080 100 200 400 800 001 002 004 008 010 020 040 080 100 200 400 800 001 002 004 008 010 020 040 080 100 200 400 800 001 002 004 008 010 020 040 080 100 200 400 800 001 002 004 008
001 002 004 008 010 020 040 080 100 200 400 800 001 002 004 008 010 020 040 080 100 200 400 800 001 002 004 008 010 020 040 080 100 200 400 800 001 002 004 008 010 020 040 080 100 200 400 800 001 002 004 008 010 020 040 080 100 200 400 800 001 002 004 008
001 002 004 008 010 020 040 080 100 200 400 800 001 002 004 008 010 020 040 080 100 200 400 800 001 002 004 008 010 020 040 080 100 200 400 800 001 002 004 008 010 020 040 080 100 200 400 800 001 002 004 008 010 020 040 080 100 200 400 800 001 002 004 008
001 002 004 008 010 020 040 080 100 200 400 800 001 002 004 008 010 020 040 080 100 200 400 800 001 002 004 008 010 020 040 080 100 200 400 800 001 002 004 008 010 020 040 080 100 200 400 800 001 002 004 008 010 020 040 080 100 200 400 800 001 002 004 008
001 002 004 008 010 020 040 080 100 200 400 800 001 002 004 008 010 020 040 080 100 200 400 800 001 002 004 008 010 020 040 080 100 200 400 800 001 002 004 008 010 020 040 080 100 200 400 800 001 002 004 008 010 020 040 080 100 200 400 800 001 002 004 008
001 002 004 008 010 020 040 080 100 200 400 800 001 002 004 008 010 020 040 080 100 200 400 800 001 002 004 008 010 020 040 080 100 200 400 800 001 002 004 008 010 020 040 080 100 200 400 800 001 002 004 008 010 020 040 080 100 200 400 800 001 002 004 008
001 002 004 008 010 020 040 080 100 200 400 800 001 002 004 008 010 020 040 080 100 200 400 800 001 002 004 008 010 020 040 080 100 200 400 800 001 002 004 008 010 020 040 080 100 200 400 800 001 002 004 008 010 020 040 080 100 200 400 800 001 002 004 008
001 002 004 008 010 020 040 080 100 200 400 800 001 002 004 008 010 020 040 080 100 200 400 800 001 002 004 008 010 020 040 080 100 200 400 800 001 002 004 008 010 020 040 080 100 200 400 800 001 002 004 008 010 020 040 080 100 200 400 800 001 002 004 008
001 002 004 008 010 020 040 080 100 200 400 800 001 002 004 008 010 020 040 080 100 200 400 800 001 002 004 008 010 020 040 080 100 200 400 800 001 002 004 008 010 020 040 080 100 200 400 800 001 002 004 008 010 020 040 080 100 200 400 800 001 002 004 008
001 002 004 008 010 020 040 080 100 200 400 800 001 002 004 008 010 020 040 080 100 200 400 800 001 002 004 008 010 020 040 080 100 200 400 800 001 002 004 008 010 020 040 080 100 200 400 800 001 002 004 008 010 020 040 080 100 200 400 800 001 002 004 008
001 002 004 008 010 020 040 080 100 200 400 800 001 002 004 008 010 020 040 080 100 200 400 800 001 002 004 008 010 020 040 080 100 200 400 800 001 002 004 008 010 020 040 080 100 200 400 800 001 002 004 008 010 020 040 080 100 200 400 800 001 002 004 008
001 002 004 008 010 020 040 080 100 200 400 800 001 002 004 008 010 020 040 080 100 200 400 800 001 002 004 008 010 020 040 080 100 200 400 800 001 002 004 008 010 020 040 080 100 200 400 800 001 002 004 008 010 020 040 080 100 200 400 800 001 002 004 008
001 002 004 008 010 020 040 080 100 200 400 800 001 002 004 008 010 020 040 080 100 200 400 800 001 002 004 008 010 020 040 080 100 200 400 800 001 002 004 008 010 020 040 080 100 200 400 800 001 002 004 008 010 020 040 080 100 200 400 800 001 002 004 008
001 002 004 008 010 020 040 080 100 200 400 800 001 002 004 008 010 020 040 080 100 200 400 800 001 002 004 008 010 020 040 080 100 200 400 800 001 002 004 008 010 020 040 080 100 200 400 800 001 002 004 008 010 020 040 080 100 200 400 800 001 002 004 008
001 002 004 008 010 020 040 080 100 200 400 800 001 002 004 008 010 020 040 080 100 200 400 800 001 002 004 008 010 020 040 080 100 200 400 800 001 002 004 008 010 020 040 080 100 200 400 800 001 002 004 008 010 020 040 080 100 200 400 800 001 002 004 008
001 002 004 008 010 020 040 080 100 200 400 800 001 002 004 008 010 020 040 080 100 200 400 800 001 002 004 008 010 020 040 080 100 200 400 800 001 002 004 008 010 020 040 080 100 200 400 800 001 002 004 008 010 020 040 080 100 200 400 800 001 002 004 008
001 002 004 008 010 020 040 080 100 200 400 800 001 002 004 008 010 020 040 080 100 200 400 800 001 002 004 008 010 020 040 080 100 200 400 800 001 002 004 008 010 020 040 080 100 200 400 800 001 002 004 008 010 020 040 080 100 200 400 800 001 002 004 008
001 002 004 008 010 020 040 080 100 200 400 800 001 002 004 008 010 020 040 080 100 200 400 800 001 002 004 008 010 020 040 080 100 200 400 800 001 002 004 008 010 020 040 080 100 200 400 800 001 002 004 008 010 020 040 080 100 200 400 800 001 002 004 008
001 002 004 008 010 020 040 080 100 200 400 800 001 002 004 008 010 020 040 080 100 200 400 800 001 002 004 008 010 020 040 080 100 200 400 800 001 002 004 008 010 020 040 080 100 200 400 800 001 002 004 008 010 020 040 080 100 200 400 800 001 002 004 008
001 002 004 008 010 020 040 080 100 200 400 800 001 002 004 008 010 020 040 080 100 200 400 800 001 002 004 008 010 020 040 080 100 200 400 800 001 002 004 008 010 020 040 080 100 200 400 800 001 002 004 008 010 020 040 080 100 200 400 800 001 002 004 008
001 002 004 008 010 020 040 080 100 200 400 800 001 002 004 008 010 020 040 080 100 200 400 800 001 002 004 008 010 020 040 080 100 200 400 800 001 002 004 008 010 020 040 080 100 200 400 800 001 002 004 008 010 020 040 080 100 200 400 800 001 002 004 008
001 002 004 008 010 020 040 080 100 200 400 800 001 002 004 008 010 020 040 080 100 200 400 800 001 002 004 008 010 020 040 080 100 200 400 800 001 002 004 008 010 020 040 080 100 200 400 800 001 002 004 008 010 020 040 080 100 200 400 800 001 002 004 008
001 002 004 008 010 020 040 080 100 200 400 800 001 002 004 008 010 020 040 080 100 200 400 800 001 002 004 008 010 020 040 080 100 200 400 800 001 002 004 008 010 020 040 080 100 200 400 800 001 002 004 008 010 020 040 080 100 200 400 800 001 002 004 008
001 002 004 008 010 020 040 080 100 200 400 800 001 002 004 008 010 020 040 080 100 200 400 800 001 002 004 008 010 020 040 080 100 200 400 800 001 002 004 008 010 020 040 080 100 200 400 800 001 002 004 008 010 020 040 080 100 200 400 800 001 002 004 008
001 002 004 008 010 020 040 080 100 200 400 800 001 002 004 008 010 020 040 080 100 200 400 800 001 002 004 008 010 020 040 080 100 200 400 800 001 002 004 008 010 020 040 080 100 200 400 800 001 002 004 008 010 020 040 080 100 200 400 800 001 002 004 008
001 002 004 008 010 020 040 080 100 200 400 800 001 002 004 008 010 020 040 080 100 200 400 800 001 002 004 008 010 020 040 080 100 200 400 800 001 002 004 008 010 020 040 080 100 200 400 800 001 002 004 008 010 020 040 080 100 200 400 800 001 002 004 008
001 002 004 008 010 020 040 080 100 200 400 800 001 002 004 008 010 020 040 080 100 200 400 800 001 002 004 008 010 020 040 080 100 200 400 800 001 002 004 008 010 020 040 080 100 200 400 800 001 002 004 008 010 020 040 080 100 200 400 800 001 002 004 008
001 002 004 008 010 020 040 080 100 200 400 800 001 002 004 008 010 020 040 080 100 200 400 800 001 002 004 008 010 020 040 080 100 200 400 800 001 002 004 008 010 020 040 080 100 200 400 800 001 002 004 008 010 020 040 080 100 200 400 800 001 002 004 008
001 002 004 008 010 020 040 080 100 200 400 800 001 002 004 008 010 020 040 080 100 200 400 800 001 002 004 008 010 020 040 080 100 200 400 800 001 002 004 008 010 020 040 080 100 200 400 800 001 002 004 008 010 020 040 080 100 200 400 800 001 002 004 008
001 002 004 008 010 020 040 080 100 200 400 800 001 002 004 008 010 020 040 080 100 200 400 800 001 002 004 008 010 020 040 080 100 200 400 800 001 002 004 008 010 020 040 080 100 200 400 800 001 002 004 008 010 020 040 080 100 200 400 800 001 002 004 008
001 002 004 008 010 020 040 080 100 200 400 800 001 002 004 008 010 020 040 080 100 200 400 800 001 002 004 008 010 020 040 080 100 200 400 800 001 002 004 008 010 020 040 080 100 200 400 800 001 002 004 008 010 020 040 080 100 200 400 800 001 002 004 008
001 002 004 008 010 020 040 080 100 200 400 800 001 002 004 008 010 020 040 080 100 200 400 800 001 002 004 008 010 020 040 080 100 200 400 800 001 002 004 008 010 020 040 080 100 200 400 800 001 002 004 008 010 020 040 080 100 200 400 800 001 002 004 008
001 002 004 008 010 020 040 080 100 200 400 800 001 002 004 008 010 020 040 080 100 200 400 800 001 002 004 008 010 020 040 080 100 200 400 800 001 002 004 008 010 020 040 080 100 200 400 800 001 002 004 008 010 020 040 080 100 200 400 800 001 002 004 008
001 002 004 008 010 020 040 080 100 200 400 800 001 002 004 008 010 020 040 080 100 200 400 800 001 002 004 008 010 020 040 080 100 200 400 800 001 002 004 008 010 020 040 080 100 200 400 800 001 002 004 008 010 020 040 080 100 200 400 800 001 002 004 008
001 002 004 008 010 020 040 080 100 200 400 800 001 002 004 008 010 020 040 080 100 200 400 800 001 002 004 008 010 020 040 080 100 200 400 800 001 002 004 008 010 020 040 080 100 200 400 800 001 002 004 008 010 020 040 080 100 200 400 800 001 002 004 008
001 002 004 008 010 020 040 080 100 200 400 800 001 002 004 008 010 020 040 080 100 200 400 800 001 002 004 008 010 020 040 080 100 200 400 800 001 002 004 008 010 020 040 080 100 200 400 800 001 002 004 008 010 020 040 080 100 200 400 800 001 002 004 008
001 002 004 008 010 020 040 080 100 200 400 800 001 002 004 008 010 020 040 080 100 200 400 800 001 002 004 008 010 020 040 080 100 200 400 800 001 002 004 008 010 020 040 080 100 200 400 800 001 002 004 008 010 020 040 080 100 200 400 800 001 002 004 008
001 002 004 008 010 020 040 080 100 200 400 800 001 002 004 008 010 020 040 080 100 200 400 800 001 002 004 008 010 020 040 080 100 200 400 800 001 002 004 008 010 020 040 080 100 200 400 800 001 002 004 008 010 020 040 080 100 200 400 800 001 002 004 008
001 002 004 008 010 020 040 080 100 200 400 800 001 002 004 008 010 020 040 080 100 200 400 800 001 002 004 008 010 020 040 080 100 200 400 800 001 002 004 008 010 020 040 080 100 200 400 800 001 002 004 008 010 020 040 080 100 200 400 800 001 002 004 008
001 002 004 008 010 020 040 080 100 200 400 800 001 002 004 008 010 020 040 080 100 200 400 800 001 002 004 008 010 020 040 080 100 200 400 800 001 002 004 008 010 020 040 080 100 200 400 800 001 002 004 008 010 020 040 080 100 200 400 800 001 002 004 008
001 002 004 008 010 020 040 080 100 200 400 800 001 002 004 008 010 020 040 080 100 200 400 800 001 002 004 008 010 020 040 080 100 200 400 800 001 002 004 008 010 020 040 080 100 200 400 800 001 002 004 008 010 020 040 080 100 200 400 800 001 002 004 008
001 002 004 008 010 020 040 080 100 200 400 800 001 002 004 008 010 020 040 080 100 200 400 800 001 002 004 008 010 020 040 080 100 200 400 800 001 002 004 008 010 020 040 080 100 200 400 800 001 002 004 008 010 020 040 080 100 200 400 800 001 002 004 008
001 002 004 008 010 020 040 080 100 200 400 800 001 002 004 008 010 020 040 080 100 200 400 800 001 002 004 008 010 020 040 080 100 200 400 800 001 002 004 008 010 020 040 080 100 200 400 800 001 002 004 008 010 020 040 080 100 200 400 800 001 002 004 008
001 002 004 008 010 020 040 080 100 200 400 800 001 002 004 008 010 020 040 080 100 200 400 800 001 002 004 008 010 020 040 080 100 200 400 800 001 002 004 008 010 020 040 080 100 200 400 800 001 002 004 008 010 020 040 080 100 200 400 800 001 002 004 008
001 002 004 008 010 020 040 080 100 200 400 800 001 002 004 008 010 020 040 080 100 200 400 800 001 002 004 008 010 020 040 080 100 200 400 800 001 002 004 008 010 020 040 080 100 200 400 800 001 002 004 008 010 020 040 080 100 200 400 800 001 002 004 008
001 002 004 008 010 020 040 080 100 200 400 800 001 002 004 008 010 020 040 080 100 200 400 800 001 002 004 008 010 020 040 080 100 200 400 800 001 002 004 008 010 020 040 080 100 200 400 800 001 002 004 008 010 020 040 080 100 200 400 800 001 002 004 008
001 002 004 008 010 020 040 080 100 200 400 800 001 002 004 008 010 020 040 080 100 200 400 800 001 002 004 008 010 020 040 080 100 200 400 800 001 002 004 008 010 020 040 080 100 200 400 800 001 002 004 008 010 020 040 080 100 200 400 800 001 002 004 008
001 002 004 008 010 020 040 080 100 200 400 800 001 002 004 008 010 020 040 080 100 200 400 800 001 002 004 008 010 020 040 080 100 200 400 800 001 002 004 008 010 020 040 080 100 200 400 800 001 002 004 008 010 020 040 080 100 200 400 800 001 002 004 008
001 002 004 008 010 020 040 080 100 200 400 800 001 002 004 008 010 020 040 080 100 200 400 800 001 002 004 008 010 020 040 080 100 200 400 800 001 002 004 008 010 020 040 080 100 200 400 800 001 002 004 008 010 020 040 080 100 200 400 800 001 002 004 008
001 002 004 008 010 020 040 080 100 200 400 800 001 002 004 008 010 020 040 080 100 200 400 800 001 002 004 008 010 020 040 080 100 200 400 800 001 002 004 008 010 020 040 080 100 200 400 800 001 002 004 008 010 020 040 080 100 200 400 800 001 002 004 008
001 002 004 008 010 020 040 080 100 200 400 800 001 002 004 008 010 020 040 080 100 200 400 800 001 002 004 008 010 020 040 080 100 200 400 800 001 002 004 008 010 020 040 080 100 200 400 800 001 002 004 008 010 020 040 080 100 200 400 800 001 002 004 008
001 002 004 008 010 020 040 080 100 200 400 800 001 002 004 008 010 020 040 080 100 200 400 800 001 002 004 008 010 020 040 080 100 200 400 800 001 002 004 008 010 020 040 080 100 200 400 800 001 002 004 008 010 020 040 080 100 200 400 800 001 002 004 008
001 002 004 008 010 020 040 080 100 200 400 800 001 002 004 008 010 020 040 080 100 200 400 800 001 002 004 008 010 020 040 080 100 200 400 800 001 002 004 008 010 020 040 080 100 200 400 800 001 002 004 008 010 020 040 080 100 200 400 800 001 002 004 008
001 002 004 008 010 020 040 080 100 200 400 800 001 002 004 008 010 020 040 080 100 200 400 800 001 002 004 008 010 020 040 080 100 200 400 800 001 002 004 008 010 020 040 080 100 200 400 800 001 002 004 008 010 020 040 080 100 200 400 800 001 002 004 008
001 002 004 008 010 020 040 080 100 200 400 800 001 002 004 008 010 020 040 080 100 200 400 800 001 002 004 008 010 020 040 080 100 200 400 800 001 002 004 008 010 020 040 080 100 200 400 800 001 002 004 008 010 020 040 080 100 200 400 800 001 002 004 008
001 002 004 008 010 020 040 080 100 200 400 800 001 002 004 008 010 020 040 080 100 200 400 800 001 002 004 008 010 020 040 080 100 200 400 800 001 002 004 008 010 020 040 080 100 200 400 800 001 002 004 008 010 020 040 080 100 200 400 800 001 002 004 008
